# transform file transforms/talairach.lta
# created by freesurfer_user on Tue Jul 11 10:46:24 2017

type      = 0 # LINEAR_VOX_TO_VOX
nxforms   = 1
mean      = 134.0000 111.0000 96.0000
sigma     = 10000.0000
1 4 4
1.080559253692627e+00 5.889584496617317e-02 2.005875408649445e-01 -4.251693344116211e+01 
-3.373245522379875e-02 1.090097308158875e+00 1.365178525447845e-01 -4.913153648376465e+00 
-1.546165943145752e-01 -1.738079786300659e-01 9.934889078140259e-01 5.157863998413086e+01 
0.000000000000000e+00 0.000000000000000e+00 0.000000000000000e+00 1.000000000000000e+00 
src volume info
valid = 1  # volume info valid
filename = nu.mgz
volume = 256 256 256
voxelsize = 1.000000000000000e+00 1.000000000000000e+00 1.000000000000000e+00
xras   = -1.000000000000000e+00 0.000000000000000e+00 0.000000000000000e+00
yras   = 0.000000000000000e+00 0.000000000000000e+00 -1.000000000000000e+00
zras   = 0.000000000000000e+00 1.000000000000000e+00 0.000000000000000e+00
cras   = -2.318443298339844e+00 5.496084594726562e+01 -7.171798706054688e+00
dst volume info
valid = 1  # volume info valid
filename = /Applications/freesurfer/average/RB_all_2016-05-10.vc700.gca
volume = 256 256 256
voxelsize = 1.000000000000000e+00 1.000000000000000e+00 1.000000000000000e+00
xras   = -1.000000000000000e+00 0.000000000000000e+00 0.000000000000000e+00
yras   = 0.000000000000000e+00 0.000000000000000e+00 -1.000000000000000e+00
zras   = 0.000000000000000e+00 1.000000000000000e+00 0.000000000000000e+00
cras   = 0.000000000000000e+00 0.000000000000000e+00 0.000000000000000e+00
